%YAML:1.0
R: !!opencv-matrix
   rows: 3
   cols: 3
   dt: d
   data: [ 9.8675476125596806e-001, -7.3214907683766027e-003,
       -1.6205380869207031e-001, 1.5384845034195273e-002,
       9.9870184885400215e-001, 4.8558455894639398e-002,
       1.6148791806804419e-001, -5.0408460287201980e-002,
       9.8558644443271559e-001 ]
T: !!opencv-matrix
   rows: 3
   cols: 1
   dt: d
   data: [ 3.6608878361605406e+000, -1.1402422345060133e+000,
       5.0363934521779496e-001 ]
R1: !!opencv-matrix
   rows: 3
   cols: 3
   dt: d
   data: [0.998664, -0.000563, -0.051665, 0.000739, 0.999994, 0.003392, 0.051663, -0.003425, 0.998659]
R2: !!opencv-matrix
   rows: 3
   cols: 3
   dt: d
   data: [0.998153, -0.003609, -0.060645, 0.003402, 0.999988, -0.003515, 0.060657, 0.003302, 0.998153]
P1: !!opencv-matrix
   rows: 3
   cols: 4
   dt: d
   data: [433.812194, 0, 337.494003, 0, 0, 433.812194, 176.695019, 0, 0, 0, 1, 0]
P2: !!opencv-matrix
   rows: 3
   cols: 4
   dt: d
   data: [433.812194, 0, 337.494003, -34.083392, 0, 433.812194, 176.695019, 0, 0, 0, 1, 0]
Q: !!opencv-matrix
   rows: 4
   cols: 4
   dt: d
   data: [ 1., 0., 0., 1.0442900314331055e+003, 0., 1., 0.,
       1.3547654564976692e+003, 0., 0., 0., -4.7560156083419633e+003, 0.,
       0., -2.5857924051971348e-001, 0. ]
