%YAML:1.0
M1: !!opencv-matrix
   rows: 3
   cols: 3
   dt: d
   data: [414.872943, 0, 316.062049, 0, 414.065879, 191.817217, 0, 0, 1]
D1: !!opencv-matrix
   rows: 1
   cols: 5
   dt: d
   data: [-0.008932, -0.071132, -0.007234, -0.006453, 0]
M2: !!opencv-matrix
   rows: 3
   cols: 3
   dt: d
   data: [415.322011, 0, 313.360348, 0, 416.459335, 181.660409, 0, 0, 1]
D2: !!opencv-matrix
   rows: 1
   cols: 5
   dt: d
   data: [-0.010971, -0.077097, -0.007257, -0.010744, 0]
