%YAML:1.0
R: !!opencv-matrix
   rows: 3
   cols: 3
   dt: d
   data: [ 9.8675476125596806e-001, -7.3214907683766027e-003,
       -1.6205380869207031e-001, 1.5384845034195273e-002,
       9.9870184885400215e-001, 4.8558455894639398e-002,
       1.6148791806804419e-001, -5.0408460287201980e-002,
       9.8558644443271559e-001 ]
T: !!opencv-matrix
   rows: 3
   cols: 1
   dt: d
   data: [ 3.6608878361605406e+000, -1.1402422345060133e+000,
       5.0363934521779496e-001 ]
R1: !!opencv-matrix
   rows: 3
   cols: 3
   dt: d
   data: [ 9.5058582916072321e-001, -3.0795568814657881e-001,
       -3.9368458656485555e-002, 3.0841079775504709e-001,
       9.5123489795669558e-001, 5.9117457159648876e-003,
       3.5628096032706884e-002, -1.7761279443831136e-002,
       9.9920727365527229e-001 ]
R2: !!opencv-matrix
   rows: 3
   cols: 3
   dt: d
   data: [ 9.4662959630224985e-001, -2.9484297100706591e-001,
       1.3023067938226321e-001, 2.9640334467430535e-001,
       9.5503196885774300e-001, 7.6808675023046329e-003,
       -1.2663911193041544e-001, 3.1329872445152222e-002,
       9.9145396989575174e-001 ]
P1: !!opencv-matrix
   rows: 3
   cols: 4
   dt: d
   data: [ -4.7560156083419633e+003, 0., -1.0442900314331055e+003, 0.,
       0., -4.7560156083419633e+003, -1.3547654564976692e+003, 0., 0.,
       0., 1., 0. ]
P2: !!opencv-matrix
   rows: 3
   cols: 4
   dt: d
   data: [ -4.7560156083419633e+003, 0., -1.0442900314331055e+003,
       -1.8392874844797818e+004, 0., -4.7560156083419633e+003,
       -1.3547654564976692e+003, 0., 0., 0., 1., 0. ]
Q: !!opencv-matrix
   rows: 4
   cols: 4
   dt: d
   data: [ 1., 0., 0., 1.0442900314331055e+003, 0., 1., 0.,
       1.3547654564976692e+003, 0., 0., 0., -4.7560156083419633e+003, 0.,
       0., -2.5857924051971348e-001, 0. ]
