%YAML:1.0
M1: !!opencv-matrix
   rows: 3
   cols: 3
   dt: d
   data: [ 6.5475340581882324e+002, 0., 2.2678108877714533e+002, 0.,
       6.5475340581882324e+002, 1.4283035250823869e+002, 0., 0., 1. ]
D1: !!opencv-matrix
   rows: 1
   cols: 14
   dt: d
   data: [ -7.6455952826448115e-001, 1.4514664093168363e+001, 0., 0., 0.,
       0., 0., 2.9813173282228394e+001, 0., 0., 0., 0., 0., 0. ]
M2: !!opencv-matrix
   rows: 3
   cols: 3
   dt: d
   data: [ 6.5475340581882324e+002, 0., 2.4683851272013422e+002, 0.,
       6.5475340581882324e+002, 1.7565415629046248e+002, 0., 0., 1. ]
D2: !!opencv-matrix
   rows: 1
   cols: 14
   dt: d
   data: [ 5.9242406582156193e-001, -2.1621858637205911e+000, 0., 0., 0.,
       0., 0., -3.4553443858998891e+000, 0., 0., 0., 0., 0., 0. ]
